******************************
名前: 佐藤 優太
学籍番号: B223330
提出日: 2022/06/30
入力ファイル名1: A.txt
入力ファイル名2: B.txt
入力ファイル名3: C.txt
******************************
入力行列A サイズ: (3, 4)
| -0.457827 -0.713206 -0.010803 0.607062  |
| -0.588459 0.497769 -0.403145 -0.527015  |
| 0.063024 0.163975 0.128298 -0.268355  |
入力行列B サイズ: (4, 5)
| 0.787581 0.873985 0.984415 -0.449894 -0.734456  |
| 0.470842 0.026636 0.202601 -0.442082 -0.999746  |
| -0.312736 -0.090631 -0.546418 0.111837 0.229080  |
| 0.471409 -0.746910 -0.504768 -0.471194 -0.977915  |
入力行列C サイズ: (3, 5)
| 0.761958 -0.992532 0.107046 0.191066 0.291783  |
| 0.434126 0.068361 -0.574353 0.412587 -0.954285  |
| 0.290422 -0.054067 0.143505 -0.395492 0.744830  |
出力 積行列 D=AxB サイズ: (3, 5)
| -0.406830 -0.871572 -0.895711 0.234017 0.453149  |
| -0.351450 -0.070876 0.007867 0.247929 0.357578  |
| -0.039786 0.248259 0.160616 0.039951 0.081597  |
出力 要素和行列 E=C+(AxB) サイズ: (3, 5)
| 0.355128 -1.864104 -0.788665 0.425083 0.744932  |
| 0.082676 -0.002515 -0.566486 0.660516 -0.596707  |
| 0.250636 0.194192 0.304121 -0.355541 0.826427  |
出力 要素差行列 F=C-(AxB) サイズ: (3, 5)
| 1.168788 -0.120960 1.002757 -0.042951 -0.161366  |
| 0.785576 0.139237 -0.582220 0.164658 -1.311863  |
| 0.330208 -0.302326 -0.017111 -0.435443 0.663233  |
